199.43526
202.89589
202.91663
198.28111
204.99179
200.41177
195.8922
196.69002
200.96634
200.10857
197.1225
202.93593
201.44553
198.2496
196.78117
203.74211
205.63379
198.67194
205.18771
201.67363
203.11026
203.07697
195.29913
199.3811
203.65498
202.60791
205.69762
206.82132
198.82054
202.8154
202.08376
204.68471
201.91704
197.96309
203.59622
202.9372
198.15236
203.90952
196.02638
198.05342
199.56644
202.79224
191.60861
187.27977
206.91383
205.00974
201.49947
198.93312
201.40614
196.01277
200.82825
204.31845
204.25609
194.87282
194.5262
199.62968
198.47603
203.93425
199.56096
204.6653
197.67409
197.15346
193.98776
197.64743
204.06468
199.91533
202.34004
191.29446
200.92319
201.97523
189.22664
192.37329
204.69774
200.34001
195.55905
204.5279
202.82744
196.58444
202.11662
199.28696
205.02435
201.20631
204.20132
200.2576
193.71861
200.30103
204.93541
201.67038
201.10504
203.89604
198.67612
194.90979
200.75972
200.3236
205.0288
200.87773
201.88846
200.10344
190.50706
200.87248
206.19145
203.08318
206.9314
193.83511
204.32478
193.67064
204.9634
201.49164
197.19737
193.98901
204.78325
202.20874
192.75343
201.08527
205.2695
203.61545
199.53708
194.68277
204.96854
197.1666
212.34976
205.05522
196.78983
199.89587
199.98393
200.05632
194.62663
198.83331
198.13472
205.28288
199.3373
198.70659
203.78078
203.09581
200.22444
208.24966
198.83755
199.18059
197.33003
199.94374
201.9294
193.89145
200.31854
203.49446
197.7505
200.771
194.86833
199.6955
200.53098
203.64622
197.96053
198.58185
197.58557
193.89023
198.14049
191.56454
195.36745
192.75111
200.07149
190.9896
194.08263
190.76251
199.68877
198.89641
198.15964
206.21623
194.92142
203.29832
200.2053
203.73853
199.90027
194.70543
196.59734
201.94328
199.28612
205.00536
196.41333
197.7927
199.95409
206.05649
189.97974
197.23921
205.1666
200.18513
204.36629
200.84598
200.4316
200.77225
202.4242
199.76624
201.69276
201.66557
198.4676
207.95755
198.87349
187.93431
195.20427
205.5606
204.60355
200.59196
203.1266
205.37578
198.50162
199.4723
197.29524
194.13005
195.95038
211.76982
195.37349
199.9948
206.08109
204.6592
193.13977
196.833
197.85246
199.04648
197.25504
202.55864
196.93259
199.27516
196.2829
198.08849
203.28069
207.164
206.82298
203.41272
204.41708
210.09735
206.10292
197.07605
197.68097
200.98363
204.04448
202.15106
202.7007
203.15686
207.24336
203.21762
194.82182
196.4
198.95131
197.89217
200.77223
203.87817
200.80273
200.7215
190.05042
201.25034
196.96452
201.9091
205.9117
204.49185
197.10222
208.31847
200.52362
205.51613
196.52989
198.59152
200.09363
187.72916
202.26784
200.69951
202.03638
194.43967
200.68483
195.78445
199.681
198.98091
208.8047
198.21968
201.29498
200.79805
209.02336
197.6475
192.2927
192.10132
205.05684
200.88731
198.2442
205.47832
189.94337
206.12286
209.9143
198.17387
201.66306
203.19244
199.95912
204.2079
204.0737
200.97273
198.08365
196.46176
203.13673
199.70598
195.99626
207.26503
200.7456
196.3008
198.29016
202.81303
200.56676
202.29872
195.8295
192.80383
208.55753
197.62405
199.63742
198.89935
202.23724
204.04262
194.52809
203.05609
192.04897
198.17943
200.82886
198.66304
204.065
200.93044
197.93471
201.15105
198.54828
194.83519
202.10918
198.33853
209.84517
201.40276
199.84883
207.12146
197.76892
199.8905
200.26524
196.31396
206.21823
196.75935
200.41797
197.24658
195.4527
205.54845
198.90787
204.33047
201.14984
204.47415
202.7796
208.83463
208.30916
202.70572
205.8928
203.10977
194.2467
201.66254
196.94456
200.09795
205.69206
196.33418
195.60567
200.6002
199.149
196.70375
193.38147
197.14986
193.96765
199.20445
199.64491
201.95605
198.32266
201.98204
193.68683
202.15799
199.31245
199.03807
201.06418
208.6754
205.47833
200.30084
195.40514
204.74138
205.66052
194.57948
209.88857
200.02061
195.40213
201.86975
197.84258
195.75522
197.50356
199.29515
201.93282
204.16394
199.89224
199.5782
197.18777
198.36978
198.21638
193.59308
205.66853
207.38382
199.32855
202.5447
190.94205
200.05713
